         0  
    0.0015  
     0.003  
    0.0045  
     0.006  
    0.0075  
     0.009  
    0.0105  
     0.012  
    0.0135  
     0.015  
    0.0165  
     0.018  
    0.0195  
     0.021  
    0.0225  
     0.024  
    0.0255  
     0.027  
    0.0285  
      0.03  
    0.0315  
     0.033  
    0.0345  
     0.036  
    0.0375  
     0.039  
    0.0405  
     0.042  
    0.0435  
     0.045  
    0.0465  
     0.048  
    0.0495  
     0.051  
    0.0525  
     0.054  
    0.0555  
     0.057  
    0.0585  
      0.06  
    0.0615  
     0.063  
    0.0645  
     0.066  
    0.0675  
     0.069  
    0.0705  
     0.072  
    0.0735  
     0.075  
    0.0765  
     0.078  
    0.0795  
     0.081  
    0.0825  
     0.084  
    0.0855  
     0.087  
    0.0885  
      0.09  
    0.0915  
     0.093  
    0.0945  
     0.096  
    0.0975  
     0.099  
    0.1005  
     0.102  
    0.1035  
     0.105  
    0.1065  
     0.108  
    0.1095  
     0.111  
    0.1125  
     0.114  
    0.1155  
     0.117  
    0.1185  
      0.12  
    0.1215  
     0.123  
    0.1245  
     0.126  
    0.1275  
     0.129  
    0.1305  
     0.132  
    0.1335  
     0.135  
    0.1365  
     0.138  
    0.1395  
     0.141  
    0.1425  
     0.144  
    0.1455  
     0.147  
    0.1485  
      0.15  
    0.1515  
     0.153  
    0.1545  
     0.156  
    0.1575  
     0.159  
    0.1605  
     0.162  
    0.1635  
     0.165  
    0.1665  
     0.168  
    0.1695  
     0.171  
    0.1725  
     0.174  
    0.1755  
     0.177  
    0.1785  
      0.18  
    0.1815  
     0.183  
    0.1845  
     0.186  
    0.1875  
     0.189  
    0.1905  
     0.192  
    0.1935  
     0.195  
    0.1965  
     0.198  
    0.1995  
     0.201  
    0.2025  
     0.204  
    0.2055  
     0.207  
    0.2085  
      0.21  
    0.2115  
     0.213  
    0.2145  
     0.216  
    0.2175  
     0.219  
    0.2205  
     0.222  
    0.2235  
     0.225  
    0.2265  
     0.228  
    0.2295  
     0.231  
    0.2325  
     0.234  
    0.2355  
     0.237  
    0.2385  
      0.24  
    0.2415  
     0.243  
    0.2445  
     0.246  
    0.2475  
     0.249  
    0.2505  
     0.252  
    0.2535  
     0.255  
    0.2565  
     0.258  
    0.2595  
     0.261  
    0.2625  
     0.264  
    0.2655  
     0.267  
    0.2685  
      0.27  
    0.2715  
     0.273  
    0.2745  
     0.276  
    0.2775  
     0.279  
    0.2805  
     0.282  
    0.2835  
     0.285  
    0.2865  
     0.288  
    0.2895  
     0.291  
    0.2925  
     0.294  
    0.2955  
     0.297  
    0.2985  
       0.3  
